1
5.00112
2170
478
20.7572
4271
1310
Player
0
0
2138
-2652
2059
1
230
0.44
SPAWN
0.188815
0.2
30
18
10
14
5
5
1
10
0
NPC0
3
0
0
1404
2080
1464
2148
5735
3458
4500
NPC1
3
0
0
-1014
1733
-954
1801
3317
3111
4500
NPC2
3
0
0
-1872
985
-1812
1053
2459
2363
4500
NPC3
3
0
0
2943
-1899
3003
-1831
7274
-521
4500
NPC4
3
0
0
-900
-151
-840
-83
3431
1227
4500
NPC5
3
0
0
1775
-1618
1835
-1550
6106
-240
4500
NPC6
1
-2.59167
1.17083
843
-207
863
-192
5134
1118
2000
NPC7
2
-2.10793
2.58977
1651
-738
1667
-722
5938
588
3000
NPC8
1
0
1.59417
188
301
208
316
4479
1626
2000
NPC9
0
0.591565
-1.60853
401
609
423
626
4694
1936
1000
NPC10
1
0
0
492
98
512
113
4783
1423
2000
NPC11
3
0
0
204
-305
264
-237
4535
1073
4500
NPC12
1
0.785465
0
-35
1120
-15
1135
4256
2445
2000
NPC13
1
0
-2.96608
-126
510
-106
525
4165
1835
2000
NPC14
0
-2.75755
-1.40617
598
522
620
539
4891
1849
1000
NPC15
3
0
0
1411
2118
1471
2186
5742
3496
4500
NPC16
2
-1.20136
0
590
721
606
737
4877
2047
3000
NPC17
3
0
0
2019
-519
2079
-451
6350
859
4500
NPC18
2
-1.01799
-2.31583
1995
582
2011
598
6282
1908
3000
NPC19
0
1.70431
2.56722
-576
254
-554
271
3717
1581
1000
NPC20
0
0
1.48449
-490
126
-468
143
3803
1453
1000
NPC21
3
0
0
-1250
-1351
-1190
-1283
3081
27
4500
NPC22
1
-0.482944
0
874
1381
894
1396
5165
2706
2000
NPC23
0
-2.63326
1.04057
1961
-757
1983
-740
6254
570
1000
NPC24
2
1.98813
-2.69645
-989
420
-973
436
3298
1746
3000
NPC25
1
0
1.3458
845
-1459
865
-1444
5136
-134
2000
NPC26
1
1.10893
1.55906
-1289
-926
-1269
-911
3002
399
2000
NPC27
0
0
0
1931
-895
1953
-878
6224
432
1000
NPC28
0
1.9538
0
-310
-1453
-288
-1436
3983
-126
1000
NPC29
0
0
2.52793
2870
-689
2892
-672
7163
638
1000
PROJMA
0.273715
0
0.378116
44
PROJ0ofgroup1
1
2.80135
-1.62949
147
674
159
688
4430
1998
69
PROJ1ofgroup1
1
-1.20168
-0.600318
768
856
780
870
5051
2180
69
PROJ2ofgroup1
1
-1.50873
-0.600773
810
934
822
948
5093
2258
69
PROJ3ofgroup1
1
-2.75205
0.886369
2007
-984
2019
-970
6290
340
69
PROJ4ofgroup1
1
-2.33597
1.66973
2049
-1023
2061
-1009
6332
301
69
PROJ5ofgroup1
1
-2.75486
0.885282
2094
-1059
2106
-1045
6377
265
69
PROJ6ofgroup1
1
-0.727717
1.10874
1157
-631
1169
-617
5440
693
69
PROJ7ofgroup1
1
1.8841
-1.83083
-792
703
-780
717
3491
2027
69
PROJ8ofgroup1
1
1.88294
-2.75644
-837
718
-825
732
3446
2042
69
PROJ9ofgroup1
1
1.88258
-0.491465
-879
730
-867
744
3404
2054
69
PROJ10ofgroup1
1
-1.75995
-0.602758
999
1291
1011
1305
5282
2615
69
PROJ11ofgroup1
1
1.88053
-1.7263
-969
760
-957
774
3314
2084
69
PROJ12ofgroup1
1
-2.34265
1.66387
2361
-1293
2373
-1279
6644
31
69
PROJ13ofgroup1
1
2.33793
2.36006
-105
143
-93
157
4178
1467
69
PROJ14ofgroup1
1
0.961516
-2.54698
-420
1244
-408
1258
3863
2568
69
PROJ15ofgroup1
1
0
0
1394
-961
1406
-947
5677
363
69
PROJ16ofgroup1
1
-1.75292
-0.603533
1119
1519
1131
1533
5402
2843
69
PROJ17ofgroup1
1
-0.324956
-0.603633
1146
1570
1158
1584
5429
2894
69
PROJ18ofgroup1
1
0
-0.603204
1158
1594
1170
1608
5441
2918
69
PROJ19ofgroup1
1
2.34962
2.27618
-306
80
-294
94
3977
1404
69
PROJ20ofgroup1
1
0.958214
-2.96594
-567
1391
-555
1405
3716
2715
69
PROJ21ofgroup1
1
1.87475
-1.47892
-1326
877
-1314
891
2957
2201
69
PROJ22ofgroup1
1
-0.910971
-0.60557
1219
1725
1231
1739
5502
3049
69
PROJ23ofgroup1
1
-0.6036
1.75223
1644
-246
1656
-232
5927
1078
69
PROJ24ofgroup1
1
-1.86414
1.66144
2652
-1548
2664
-1534
6935
-224
69
PROJ25ofgroup1
1
-2.01175
-0.60543
1258
1797
1270
1811
5541
3121
69
PROJ26ofgroup1
1
1.77642
1.75492
-905
-1018
-893
-1004
3378
306
69
PROJ27ofgroup1
1
-2.62355
-1.16721
1272
1801
1284
1815
5555
3125
69
PROJ28ofgroup1
1
-0.385195
0
1616
-1270
1628
-1256
5899
54
69
PROJ29ofgroup1
1
-2.62295
-1.1673
1296
1846
1308
1860
5579
3170
69
PROJ30ofgroup1
1
2.35883
0.637395
-570
-1
-558
13
3713
1323
69
PROJ31ofgroup1
1
-1.86474
0.455672
2784
-1662
2796
-1648
7067
-338
69
PROJ32ofgroup1
1
2.96858
2.40622
-621
-19
-609
-5
3662
1305
69
PROJ33ofgroup1
1
-1.86523
2.8543
2820
-1695
2832
-1681
7103
-371
69
PROJ34ofgroup1
1
0.946163
0.48015
-1049
-1150
-1037
-1136
3234
174
69
PROJ35ofgroup1
1
-1.40648
1.09557
1715
-1411
1727
-1397
5998
-87
69
PROJ36ofgroup1
1
-2.62407
-1.1672
1374
1990
1386
2004
5657
3314
69
PROJ37ofgroup1
1
1.86998
-2.3726
-1692
1000
-1680
1014
2591
2324
69
PROJ38ofgroup1
1
1.35531
0
297
-143
309
-129
4580
1181
18
PROJ39ofgroup1
1
0.947002
0
-1136
-1231
-1124
-1217
3147
93
0
PROJ40ofgroup1
1
-2.78506
0
1784
-1504
1796
-1490
6067
-180
0
PROJ41ofgroup1
1
-1.86577
0.881124
2958
-1815
2970
-1801
7241
-491
0
PROJ42ofgroup1
1
2.35956
2.61064
-831
-91
-819
-77
3452
1233
0
PROJ43ofgroup1
1
0
2.85358
2988
-1845
3000
-1831
7271
-521
0
AOE
200
0
4
5
0
