0
24.4042
3502
-317
Player
0
0
2399
-1557
2230
0
0
0.5
SPAWN
0.318839
24
NPC0
3
0
0
1084
5
1144
73
4646
-244
4500
NPC1
2
-1.16132
-1.21173
523
803
539
819
4041
502
1500
NPC2
1
-2.66774
-1.47371
543
803
563
818
4065
501
2000
NPC3
0
1.44024
-1.59437
319
1341
341
1358
3843
1041
1000
NPC4
1
-2.00493
-1.48361
512
1467
532
1482
4034
1165
2000
NPC5
3
0
0
777
273
837
341
4339
24
4500
NPC6
0
-2.47936
-1.61365
597
1712
619
1729
4121
1412
1000
NPC7
1
1.88909
-2.79722
64
1302
84
1317
3586
1000
2000
NPC8
1
1.9911
0
68
2601
88
2616
3590
2299
2000
NPC9
1
-2.70248
-1.48319
518
1235
538
1250
4040
933
2000
NPC10
1
0
-0.996437
-49
862
-29
877
3473
560
2000
NPC11
1
1.87729
-2.43973
-147
1201
-127
1216
3375
899
2000
NPC12
0
-0.83385
-1.38746
1704
2387
1726
2404
5228
2087
1000
NPC13
1
-0.3354
0
928
2245
948
2260
4450
1943
2000
NPC14
1
0
-1.47894
493
418
513
433
4015
116
454
NPC15
1
0.945389
0
-838
1975
-818
1990
2684
1673
2000
NPC16
0
-0.320425
-1.58672
698
1397
720
1414
4222
1097
1000
NPC17
3
0
0
2847
1071
2907
1139
6409
822
4500
NPC18
0
1.22106
1.06272
35
-29
57
-12
3559
-329
1000
NPC19
0
-2.56707
1.04137
1473
-459
1495
-442
4997
-759
1000
NPC20
2
0
0
-925
-1039
-909
-1023
2593
-1340
3000
NPC21
0
-1.42015
1.59456
611
-325
633
-308
4135
-625
1000
NPC22
0
0
1.16238
2124
-1322
2146
-1305
5648
-1622
1000
NPC23
0
-0.599533
1.50363
927
-729
949
-712
4451
-1029
1000
PROJMA
0.330783
0
0.655393
5
PROJ0ofgroup1
1
-0.762778
-2.04699
748
458
760
472
4262
155
2226
PROJ1ofgroup1
1
-2.59858
-1.50445
582
537
594
551
4096
234
1538
PROJ2ofgroup1
1
-2.39971
1.40463
901
275
913
289
4415
-28
1232
PROJ3ofgroup1
1
-1.59929
-2.253
2724
1083
2736
1097
6238
780
494
PROJ4ofgroup1
1
-2.4523
0.392073
783
339
795
353
4297
36
119
AOE
200
7.39382
4
5
0
