0
28.735
-644
-3293
Player
2.69164
0
-1747
-4533
2480
3
720
0.38
SPAWN
0.248067
17
NPC0
3
0
0
612
1277
672
1345
28
-1948
1500
NPC1
0
1.54993
-1.67628
420
739
442
756
-202
-2537
1000
NPC2
0
2.19071
-1.70075
458
786
480
803
-164
-2490
1000
NPC3
1
2.85696
0
-311
1915
-291
1930
-935
-1363
2000
NPC4
0
1.54185
-1.69028
433
788
455
805
-189
-2488
1000
NPC5
1
1.9203
-2.32654
-893
2047
-873
2062
-1517
-1231
2000
NPC6
3
0
0
-348
372
-288
440
-932
-2853
4500
NPC7
0
2.39881
0
228
1427
250
1444
-394
-1849
1000
NPC8
0
1.42755
-2.65817
-244
847
-222
864
-866
-2429
1000
NPC9
2
2.97734
2.11028
-620
-423
-604
-407
-1248
-3700
3000
NPC10
0
0
2.74733
1845
-562
1867
-545
1223
-3838
1000
NPC11
0
-2.83406
-1.6359
787
1373
809
1390
165
-1903
1000
NPC12
3
0
0
69
1839
129
1907
-515
-1386
4500
NPC13
0
2.99993
-1.34248
-1145
2453
-1123
2470
-1767
-823
1000
NPC14
0
0.411333
1.65536
162
-953
184
-936
-460
-4229
1000
NPC15
0
0.748366
-1.70422
410
2283
432
2300
-212
-993
1000
NPC16
3
0
0
-1383
1904
-1323
1972
-1967
-1321
4500
PROJMA
0.353064
1
0.987712
10
PROJ0ofgroup0
0
-1.00466
0
426
661
458
693
-186
-2600
478
PROJ0ofgroup1
1
-0.589453
-2.43222
549
2431
561
2445
-83
-848
2426
PROJ1ofgroup1
1
-1.8641
-2.43191
561
2497
573
2511
-71
-782
2362
PROJ2ofgroup1
1
0.375309
-2.17344
426
521
438
535
-206
-2758
2580
PROJ3ofgroup1
1
-2.52182
-2.1918
1452
2346
1464
2360
820
-933
2626
PROJ4ofgroup1
1
-1.50571
-2.17917
1539
2463
1551
2477
907
-816
2121
PROJ5ofgroup1
1
0
-2.87721
303
510
315
524
-329
-2769
1782
PROJ6ofgroup1
1
0.78612
-1.62904
210
492
222
506
-422
-2787
1484
PROJ7ofgroup1
1
1.2287
-2.35888
195
1578
207
1592
-437
-1701
738
PROJ8ofgroup1
1
-2.25676
-2.40113
627
1148
639
1162
-5
-2131
234
PROJ9ofgroup1
1
-0.553596
-1.62326
651
1280
663
1294
19
-1999
13
AOE
220
0
5
5
0
